2023-08-25 17:12:29
loss: 0.2774
accuracy: 0.9141
sensitivity: 0.9528
specificity: 0.8832
precision: 0.8672
F1: 0.9080
AUC:  0.9544(95%CI: 0.954500~0.956400)
━━●●━━━━━━━━━━━━━
