2023-09-01 09:46:00
loss: 0.3521
accuracy: 0.8740
sensitivity: 0.9085
specificity: 0.8269
precision: 0.8776
F1: 0.8927
AUC:  0.9219(95%CI: 0.920300~0.922800)
━━●●━━━━━━━━━━━━━
