2023-09-06 15:07:46
loss: 0.0200
accuracy: 0.9962
sensitivity: 0.9964
specificity: 0.9959
precision: 0.9964
F1: 0.9964
AUC:  0.9997(95%CI: 0.999700~0.999800)
━━●●━━━━━━━━━━━━━
